[0, 1, 2, 3, 4, 5, 6, 7, 8, 9, 10, 11, 12, 13, 14, 15, 16, 17, 18, 19, 20, 21, 22, 23, 24, 25, 26, 27, 28, 29][10.448348190875722, 87.92606187729417, 89.02726796014683, 92.65862611431568, 91.51809124278972, 94.5070791819612, 94.48085998951233, 96.43418982695333, 95.33298374410069, 95.1232302045097, 95.46407970634505, 96.21132669113791, 94.42842160461458, 95.38542212899843, 96.8536969061353, 96.28998426848453, 96.36864184583115, 95.28054535920293, 94.72994231777662, 95.97535395909806, 96.0277923439958, 96.6439433665443, 96.76192973256424, 94.96591504981646, 96.38175144205559, 96.76192973256424, 95.5558468799161, 96.43418982695333, 94.42842160461458, 96.38175144205559]

[0, 1, 2, 3, 4, 5, 6, 7, 8, 9, 10, 11, 12, 13]
[89.55165180912428, 89.55165180912428, 89.55165180912428, 89.55165180912428, 89.55165180912428, 89.55165180912428, 89.55165180912428, 89.55165180912428, 89.55165180912428, 89.55165180912428, 89.55165180912428, 89.55165180912428, 89.55165180912428, 89.55165180912428]

[0, 1, 2, 3, 4, 5, 6, 7, 8, 9, 10, 11, 12, 13, 14]
[89.55165180912428, 56.581017304667014, 87.72941793392764, 90.66596748820136, 90.60041950707918, 92.6324069218668, 93.36654431043524, 93.47142108023073, 95.92291557420032, 93.72050340849502, 95.21499737808075, 96.53906659674882, 95.58206607236497, 93.23544834819087, 96.49973780807551]

[1, 2, 3, 4, 5, 6, 7, 8, 9, 10, 11, 12, 13, 14, 15, 16, 17, 18, 19]
[10.448348190875722, 53.51337178814892, 86.07760880964867, 90.98059779758783, 91.37388568432092, 92.54063974829575, 95.39853172522287, 96.09334032511799, 94.5464079706345, 96.19821709491347, 94.36287362349239, 92.40954378605139, 94.55951756685894, 93.6811746198217, 96.69638175144206, 95.43786051389617, 95.81803880440482, 96.17199790246461, 96.72260094389092]

[1, 2, 3, 4, 5, 6, 7, 8, 9, 10, 11, 12, 13, 14, 15, 16, 17, 18, 19, 20, 21, 22, 23, 24, 25, 26, 27, 28, 29]
[10.448348190875722, 16.09858416360776, 74.73780807551127, 89.78762454116413, 92.18668065023597, 90.95437860513896, 93.41898269533299, 93.77294179339276, 94.5857367593078, 92.9208180388044, 95.90980597797588, 94.75616151022548, 95.1232302045097, 94.84792868379654, 95.2674357629785, 95.68694284216046, 96.22443628736235, 95.38542212899843, 95.25432616675407, 96.39486103828003, 95.80492920818038, 95.72627163083376, 95.71316203460934, 96.48662821185107, 96.17199790246461, 97.07656004195071, 95.9884635553225, 96.39486103828003, 95.80492920818038]